1490855397.08
1490855399.18
1490855402.16
1490855405.45
1490855405.71
1490855409.24
1490855419.21
1490855419.72
1490855432.27
1490855434.65
1490855438.9
1490855446.92
1490855452.08
1490855453.95
1490855458.92
1490855464.04
1490855465.88
1490855476.01
1490855476.49
1490855476.55
1490855480.26
1490855482.96
1490855488.39
1490855494.37
1490855497.55
1490855497.77
1490855497.96
1490855502.27
1490855506.43
1490855511.57
1490855513.83
1490855515.51
1490855516.46
1490855519.4
1490855524.43
1490855524.96
1490855527.82
1490855871.76
1490856228.95
1490856233.42
1490856236.35
1490856239.73
1490856244.68
1490856249.78
1490856250.04
1490856254.88
1490856263.66
1490856265.11
1490856268.55
1490856268.85
1490856275.07
1490856283.48
1490856286.44
1490856287.15
1490856297.35
1490856303.67
1490856305.71
1490856306.08
1490856310.73
1490856318.64
1490856331.66
1490856331.85
1490856333.87
1490856343.58
1490856347.09
1490856353.3
1490856355.36
1490856356.1
1490856356.45
1490856356.45
1490856365.53
1490856368.46
1490856368.73
1490856370.86
1490856370.9
1490856373.97
1490856374.31
1490856379.94
1490856384.29
1490856386.65
1490856386.96
1490856387.18
1490856387.89
1490856391.52
1490856393.57
1490909698.37
1490909702.05
1490909702.25
1490909703.79
1490909706.14
1490909707.06
1490909709.46
1490909720.13
1490909720.15
1490909720.86
1490909721.31
1490909725.04
1490909729.61
1490909731.94
1490909742.95
1490909754.81
1490909756.1
1490909758.66
1490910450.64
1490910452.57
1490910456.66
1490910458.42
1490910468.68
1490910469.14
1490910472.17
1490910473.56
1490910485.68
1490910486.15
1490910487.16
1490910492.45
1490910493.57
1490910493.72
1490910495.15
1490910495.57
1490910497.15
1490910509.61
1490910510.27
1490910524.57
1490910535.52
1490910540.82
1490910548.76
1490910553.13
1490910553.91
1490910560.02
1490910560.43
1490910566.04
1490910568.35
1490910570.04
1490910570.64
1490910571.57
1490910573.73
1490910574.04
1490910574.31
1490910578.52
1490910579.98
1490910580.42
1490910582.39
1490910590.57
1490910591.88
1490910606.03
1490910611.36
1490910611.94
1490910618.19
1490910622.82
1490910628.74
1490910641.14
1490910642.5
1490910644.22
1490910644.99
1490910653.8
1490910656.08
1490910657.18
1490910658.41
1490910659.43
1490910662.27
1490910667.53
1490910675.63
1490910678.78
1490910678.91
1490910684.07
1490910693.13
1490910696.43
1490910698.89
1490910701.63
1490910706.12
1490910707.46
1490910718.54
1490910721.87
1490910726.9
1490910728.6
1490910737.99
1490910738.4
1490910746.53
1490910748.85
1490910750.71
1490910751.22
1490910759.22
1490910759.4
1490910759.68
1490910764.59
1490910767.19
1490910769.1
1490910776.22
1490910783.48
1490910787.07
1490910796.15
1490910802.99
1490910805.37
1490910812.64
1490910813.93
1490910814.65
1490910820.46
1490910834.53
1490910843.25
1490910846.49
1490910850.78
1490910851.75
1490910857.28
1490910857.49
1490910866.8
1490910869.57
1490910870.64
1490910873.01
1490910880.21
1490910888.3
1490910891.56
1490910893.32
1490910898.06
1490910900.77
1490910903.55
1490910905.24
1490910907.29
1490910911.61
1490910916.56
1490910918.56
1490910921.7
1490910932.01
1490910936.94
1490910938.2
1490910941.66
1490910942.49
1490910942.8
1490910943.34
1490910943.79
1490910944.6
1490910951.91
1490910958.93
1490910966.97
